32
0	13	27	17	33	94	80	124	128	41	111	129	118	71	149	137	139	196	159	164	172	89	214	108	101	130	116	186	176	185	200	216	
13	0	18	10	26	87	73	117	121	34	104	122	111	64	142	130	132	189	152	157	165	82	207	101	94	123	109	179	169	178	193	209	
27	18	0	28	12	73	59	121	125	38	108	126	97	68	146	116	136	193	156	161	169	86	211	105	98	127	113	183	173	182	197	213	
17	10	28	0	16	77	63	107	111	24	94	112	101	54	132	120	122	179	142	147	155	72	197	91	84	113	99	169	159	168	183	199	
33	26	12	16	0	61	47	109	113	26	96	114	85	56	134	104	124	181	144	149	157	74	199	93	86	115	101	171	161	170	185	201	
94	87	73	77	61	0	14	148	152	65	135	153	146	95	173	165	163	220	183	188	196	113	238	132	125	154	140	210	200	209	224	240	
80	73	59	63	47	14	0	134	138	51	121	139	132	81	159	151	149	206	169	174	182	99	224	118	111	140	126	196	186	195	210	226	
124	117	121	107	109	148	134	0	8	83	27	45	194	53	65	213	55	112	75	80	88	71	158	90	83	112	98	130	154	129	144	160	
128	121	125	111	113	152	138	8	0	87	19	37	198	57	57	217	47	104	67	72	80	75	150	94	87	116	102	122	146	121	136	152	
41	34	38	24	26	65	51	83	87	0	70	88	111	30	108	130	98	155	118	123	131	48	173	67	60	89	75	145	135	144	159	175	
111	104	108	94	96	135	121	27	19	70	0	18	181	40	38	200	28	85	48	53	61	58	131	77	70	99	85	103	127	102	117	133	
129	122	126	112	114	153	139	45	37	88	18	0	199	58	20	218	18	75	38	43	43	76	121	95	88	89	103	93	117	92	107	123	
118	111	97	101	85	146	132	194	198	111	181	199	0	141	219	19	209	266	229	234	242	159	284	178	171	200	186	256	246	255	270	286	
71	64	68	54	56	95	81	53	57	30	40	58	141	0	78	160	68	125	88	93	101	18	143	37	30	59	45	115	105	114	129	145	
149	142	146	132	134	173	159	65	57	108	38	20	219	78	0	238	38	69	32	27	23	96	105	115	108	79	123	73	101	76	91	107	
137	130	116	120	104	165	151	213	217	130	200	218	19	160	238	0	228	285	248	253	261	178	303	197	190	219	205	275	265	274	289	305	
139	132	136	122	124	163	149	55	47	98	28	18	209	68	38	228	0	57	20	25	59	86	103	105	98	71	113	75	99	74	89	105	
196	189	193	179	181	220	206	112	104	155	85	75	266	125	69	285	57	0	37	42	76	143	120	162	117	88	132	92	116	91	106	122	
159	152	156	142	144	183	169	75	67	118	48	38	229	88	32	248	20	37	0	5	39	106	83	125	80	51	95	55	79	54	69	85	
164	157	161	147	149	188	174	80	72	123	53	43	234	93	27	253	25	42	5	0	34	109	78	128	81	52	96	50	74	49	64	80	
172	165	169	155	157	196	182	88	80	131	61	43	242	101	23	261	59	76	39	34	0	119	94	138	115	86	130	50	108	81	96	112	
89	82	86	72	74	113	99	71	75	48	58	76	159	18	96	178	86	143	106	109	119	0	141	19	28	57	43	113	103	112	127	143	
214	207	211	197	199	238	224	158	150	173	131	121	284	143	105	303	103	120	83	78	94	141	0	160	113	84	128	44	130	75	90	106	
108	101	105	91	93	132	118	90	94	67	77	95	178	37	115	197	105	162	125	128	138	19	160	0	47	76	62	132	122	131	146	162	
101	94	98	84	86	125	111	83	87	60	70	88	171	30	108	190	98	117	80	81	115	28	113	47	0	29	15	85	75	84	99	115	
130	123	127	113	115	154	140	112	116	89	99	89	200	59	79	219	71	88	51	52	86	57	84	76	29	0	44	56	46	55	70	86	
116	109	113	99	101	140	126	98	102	75	85	103	186	45	123	205	113	132	95	96	130	43	128	62	15	44	0	100	90	99	114	130	
186	179	183	169	171	210	196	130	122	145	103	93	256	115	73	275	75	92	55	50	50	113	44	132	85	56	100	0	102	31	46	62	
176	169	173	159	161	200	186	154	146	135	127	117	246	105	101	265	99	116	79	74	108	103	130	122	75	46	90	102	0	101	116	132	
185	178	182	168	170	209	195	129	121	144	102	92	255	114	76	274	74	91	54	49	81	112	75	131	84	55	99	31	101	0	15	31	
200	193	197	183	185	224	210	144	136	159	117	107	270	129	91	289	89	106	69	64	96	127	90	146	99	70	114	46	116	15	0	16	
216	209	213	199	201	240	226	160	152	175	133	123	286	145	107	305	105	122	85	80	112	143	106	162	115	86	130	62	132	31	16	0	
-1	1	2	3	3	3	3	3	3	3	3	3	3	3	3	3	3	3	3	3	3	3	3	3	3	3	3	3	3	3	3	3	
0	-1	2	3	3	3	3	3	3	3	3	3	3	3	3	3	3	3	3	3	3	3	3	3	3	3	3	3	3	3	3	3	
0	1	-1	4	4	4	4	4	4	4	4	4	4	4	4	4	4	4	4	4	4	4	4	4	4	4	4	4	4	4	4	4	
0	1	1	-1	4	4	4	9	9	9	9	9	4	9	9	4	9	9	9	9	9	9	9	9	9	9	9	9	9	9	9	9	
3	3	2	3	-1	6	6	9	9	9	9	9	12	9	9	12	9	9	9	9	9	9	9	9	9	9	9	9	9	9	9	9	
6	6	6	6	6	-1	6	6	6	6	6	6	6	6	6	6	6	6	6	6	6	6	6	6	6	6	6	6	6	6	6	6	
4	4	4	4	4	5	-1	9	9	9	9	9	4	9	9	4	9	9	9	9	9	9	9	9	9	9	9	9	9	9	9	9	
13	13	13	13	13	13	13	-1	8	13	8	8	13	13	8	13	8	8	8	8	8	13	8	13	13	13	13	8	8	8	8	8	
13	13	13	13	13	13	13	7	-1	13	10	10	13	13	10	13	10	10	10	10	10	13	10	13	13	13	13	10	10	10	10	10	
3	3	4	3	4	6	6	13	13	-1	13	13	4	13	13	4	13	13	13	13	13	13	13	13	13	13	13	13	13	13	13	13	
13	13	13	13	13	13	13	8	8	13	-1	11	13	13	11	13	16	16	16	16	11	13	16	13	13	16	13	16	16	16	16	16	
10	10	10	10	10	10	10	10	10	10	10	-1	10	10	14	10	16	16	16	16	14	10	16	10	10	16	10	14	16	16	16	16	
4	4	4	4	4	4	4	4	4	4	4	4	-1	4	4	15	4	4	4	4	4	4	4	4	4	4	4	4	4	4	4	4	
9	9	9	9	9	9	9	7	8	9	10	10	9	-1	10	9	10	10	10	10	10	21	24	21	24	24	24	24	24	24	24	24	
11	11	11	11	11	11	11	11	11	11	11	11	11	11	-1	11	11	19	19	19	20	11	19	11	11	19	11	20	19	19	19	19	
12	12	12	12	12	12	12	12	12	12	12	12	12	12	12	-1	12	12	12	12	12	12	12	12	12	12	12	12	12	12	12	12	
10	10	10	10	10	10	10	10	10	10	10	11	10	10	11	10	-1	18	18	18	18	10	18	10	10	18	10	18	18	18	18	18	
18	18	18	18	18	18	18	18	18	18	18	18	18	18	18	18	18	-1	18	18	18	18	18	18	18	18	18	18	18	18	18	18	
16	16	16	16	16	16	16	16	16	16	16	16	16	16	19	16	16	17	-1	19	19	16	19	16	25	25	25	19	19	19	19	19	
18	18	18	18	18	18	18	18	18	18	18	18	18	18	14	18	18	18	18	-1	20	25	22	25	25	25	25	27	28	29	29	29	
14	14	14	14	14	14	14	14	14	14	14	14	14	14	14	14	19	19	19	19	-1	14	27	14	19	19	19	27	19	27	27	27	
13	13	13	13	13	13	13	13	13	13	13	13	13	13	13	13	13	13	13	24	13	-1	24	23	24	24	24	24	24	24	24	24	
25	25	25	25	25	25	25	19	19	25	19	19	25	25	19	25	19	19	19	19	27	25	-1	25	25	25	25	27	25	27	27	27	
21	21	21	21	21	21	21	21	21	21	21	21	21	21	21	21	21	21	21	21	21	21	21	-1	21	21	21	21	21	21	21	21	
13	13	13	13	13	13	13	13	13	13	13	13	13	13	13	13	13	25	25	25	25	21	25	21	-1	25	26	25	25	25	25	25	
24	24	24	24	24	24	24	24	24	24	18	18	24	24	19	24	18	18	18	19	19	24	22	24	24	-1	24	27	28	29	29	29	
24	24	24	24	24	24	24	24	24	24	24	24	24	24	24	24	24	24	24	24	24	24	24	24	24	24	-1	24	24	24	24	24	
25	25	25	25	25	25	25	19	19	25	19	19	25	25	20	25	19	19	19	19	20	25	22	25	25	25	25	-1	25	29	29	29	
25	25	25	25	25	25	25	19	19	25	19	19	25	25	19	25	19	19	19	19	19	25	25	25	25	25	25	25	-1	25	25	25	
25	25	25	25	25	25	25	19	19	25	19	19	25	25	19	25	19	19	19	19	27	25	27	25	25	25	25	27	25	-1	30	30	
29	29	29	29	29	29	29	29	29	29	29	29	29	29	29	29	29	29	29	29	29	29	29	29	29	29	29	29	29	29	-1	31	
30	30	30	30	30	30	30	30	30	30	30	30	30	30	30	30	30	30	30	30	30	30	30	30	30	30	30	30	30	30	30	-1	
0
3	2431	3760	3759
4	2431	4352	4495	4347
3	2431	4059	4504
0
0
0
0
0
0
0
0
0
0
0
0
0
0
0
0
0
0
0
0
0
0
0
0
0
0
0
0
2	3759	2431
0
3	3759	4792	4347
3	3759	4208	4504
0
0
0
0
0
0
0
0
0
0
0
0
0
0
0
0
0
0
0
0
0
0
0
0
0
0
0
0
3	4347	4499	2431
3	4347	4499	3759
0
0
3	4347	5530	5531
0
0
0
0
0
0
0
0
0
0
0
0
0
0
0
0
0
0
0
0
0
0
0
0
0
0
0
2	4504	2431
2	4504	3759
0
0
2	4504	5531
0
0
0
0
3	4504	6579	6578
0
0
0
0
0
0
0
0
0
0
0
0
0
0
0
0
0
0
0
0
0
0
0
0
2	5531	4347
2	5531	4504
0
0
3	5531	7586	5959
0
0
3	5531	7164	6578
0
0
3	5531	10685	9191
0
0
0
0
0
0
0
0
0
0
0
0
0
0
0
0
0
0
0
0
0
0
0
0
0
3	5951	6252	5959
0
0
0
0
0
0
0
0
0
0
0
0
0
0
0
0
0
0
0
0
0
0
0
0
0
0
0
0
0
3	5959	7882	5531
2	5959	5951
0
0
0
4	5959	7883	6872	6578
0
0
0
0
0
0
0
0
0
0
0
0
0
0
0
0
0
0
0
0
0
0
0
0
0
0
0
0
0
0
3	6005	6305	6009
0
0
0
0
2	6005	9826
0
0
0
0
0
0
0
0
0
0
0
0
0
0
0
0
0
0
0
0
0
0
0
0
0
3	6009	6154	6005
0
0
3	6009	8378	8525
0
0
2	6009	9826
0
0
0
0
0
0
0
0
0
0
0
0
0
0
0
0
0
0
0
0
0
2	6578	4504
3	6578	7014	5531
0
3	6578	7734	5959
0
0
0
0
0
0
3	6578	9827	9826
0
0
0
0
0
0
0
0
0
0
0
0
0
0
0
0
0
0
0
0
0
0
0
0
0
0
2	8525	6009
0
0
3	8525	8087	8678
0
2	8525	9826
0
0
3	8525	10149	10156
0
0
0
0
0
0
0
0
0
0
0
0
0
0
0
0
0
0
0
0
0
0
0
0
0
3	8678	7938	8525
0
0
0
3	8678	9428	9870
0
3	8678	10158	10156
0
0
0
0
0
0
0
0
0
0
0
0
0
0
0
0
0
0
0
3	9191	10391	5531
0
0
0
0
0
0
0
0
0
0
3	9191	10371	10072
0
0
0
0
0
0
0
0
0
0
0
0
0
0
0
0
0
0
0
0
0
0
0
2	9826	6005
3	9826	6157	6009
2	9826	6578
3	9826	8672	8525
0
0
0
0
0
0
0
0
0
0
3	9826	11300	11298
0
0
3	9826	13230	13229
0
0
0
0
0
0
0
0
0
0
0
0
0
0
0
0
0
0
3	9870	8683	8678
0
0
0
0
0
0
0
3	9870	11499	10902
3	9870	10622	11212
0
0
0
0
0
0
0
0
0
0
0
0
0
0
0
0
0
0
0
0
0
0
0
3	10072	9784	9191
0
0
0
0
0
0
0
0
0
0
0
0
0
0
0
0
0
0
0
0
0
0
0
0
0
0
0
0
0
3	10156	9850	8525
2	10156	8678
0
0
0
0
0
0
3	10156	11340	10752
0
0
0
0
0
0
0
0
0
0
0
0
0
0
0
0
0
0
0
0
0
0
0
0
0
0
0
0
0
0
0
3	10290	11634	10752
0
0
0
0
0
0
0
0
0
0
0
0
0
0
0
0
0
0
0
0
0
0
0
0
0
0
0
0
0
3	10752	11042	10156
3	10752	11630	10290
0
2	10752	10902
0
0
0
0
0
2	10752	14277
0
0
0
0
0
0
0
0
0
0
0
0
0
0
0
0
0
0
0
0
3	10902	11205	9870
0
0
0
3	10902	10900	10752
0
4	10902	11060	10621	11212
0
3	10902	14760	11673
0
0
2	10902	14277
0
3	10902	15356	15362
3	10902	17237	17235
3	10902	17271	17272
0
0
0
0
0
0
0
0
0
0
0
0
0
0
0
0
3	11212	9876	9870
0
0
0
0
3	11212	10471	10902
0
0
0
0
0
0
0
3	11212	15356	15362
0
0
0
0
0
0
0
0
0
0
0
0
0
0
0
0
0
2	11298	9826
0
0
0
0
0
0
0
0
0
3	11298	13069	13071
3	11298	12789	13229
0
0
0
0
0
0
0
0
0
0
0
0
0
0
0
0
0
0
0
0
0
0
0
0
0
0
3	11673	14609	10902
0
0
0
0
0
3	11673	14758	14277
0
3	11673	15360	15362
0
0
0
0
0
0
0
0
0
0
0
0
0
0
0
0
0
0
0
0
0
0
0
0
0
2	13071	11298
0
0
0
0
0
0
0
0
0
0
0
0
0
0
0
0
0
0
0
0
0
0
0
2	13229	9826
0
0
0
0
0
0
0
3	13229	11301	11298
0
0
0
3	13229	14280	14277
3	13229	14708	14710
0
0
0
0
0
0
0
0
0
0
0
0
0
0
0
0
0
0
0
0
0
0
0
3	14277	11782	10752
2	14277	10902
0
0
3	14277	14320	11673
0
3	14277	13242	13229
0
0
2	14277	15362
3	14277	15473	17235
3	14277	15784	17272
0
0
0
0
0
0
0
0
0
0
0
0
0
0
0
0
0
0
0
0
0
0
0
0
0
0
2	14710	13229
0
0
0
0
0
0
0
0
0
0
0
0
0
0
0
0
0
0
0
0
0
0
0
0
0
0
3	15362	14609	10902
3	15362	14609	11212
0
2	15362	11673
0
0
3	15362	14609	14277
0
0
0
4	15362	16835	17122	17272
0
0
0
0
0
0
0
0
0
0
0
0
0
0
0
0
0
0
0
0
0
2	17235	10902
0
0
0
0
0
3	17235	14282	14277
0
0
0
0
0
0
0
0
0
0
0
0
0
0
0
0
0
0
0
0
0
0
0
0
0
2	17272	10902
0
0
0
0
0
2	17272	14277
0
3	17272	15356	15362
0
0
2	17272	17853
0
0
0
0
0
0
0
0
0
0
0
0
0
0
0
0
0
0
0
0
0
0
0
0
0
0
0
0
0
0
3	17853	17264	17272
0
3	17853	19627	19625
0
0
0
0
0
0
0
0
0
0
0
0
0
0
0
0
0
0
0
0
0
0
0
0
0
0
0
0
0
0
2	19625	17853
0
